35974
3000
3001
3002
3005
3011
3013
3020
3451
35762
4266
4672
35736
35726
35724
5271
35672
35668
35666
35664
35663
5696
5701
5704
6342
6345
6353
6356
35575
35566
35554
7375
7396
35459
35452
35447
35444
35419
35417
35405
35404
35401
7852
7922
7923
7929
7930
7937
8137
35281
35278
35277
35274
35269
35268
35267
35265
9588
9590
9592
9599
9602
9608
35203
10173
10240
10250
10255
10267
35180
35177
35172
35157
35152
35148
35144
35143
35142
35134
35070
35068
35064
35043
34988
34964
34958
34956
34954
34888
13719
13721
13731
14194
34713
34711
34710
34708
34642
34634
34632
15072
15076
15277
15423
15434
15542
15557
15563
15582
15633
34461
16047
16151
16253
16661
16746
34388
34384
34351
17022
17033
34321
34288
34262
17561
17667
18105
18171
18183
18244
18258
18260
34207
34201
18486
34184
18600
18825
34133
34130
34119
19137
19215
34052
34050
34045
34037
34031
19511
33973
33972
33969
33961
19719
19763
19798
19893
19955
19959
19960
19962
19965
19966
19969
20025
20050
20051
20056
20063
20104
20646
20650
20653
20656
20658
20812
21047
21062
21206
21241
21368
21383
21474
21586
21592
21597
21797
22197
22408
22409
22411
22414
22420
22525
22528
22608
22610
22616
22626
22711
23036
23038
23041
23042
23115
23201
23203
23205
23220
23389
23396
23522
23525
23530
23670
23678
23679
23680
23682
23683
23743
23744
23750
23752
23755
23761
23811
23870
23872
23875
23876
23886
23977
23984
33667
24151
24152
24155
24169
24203
24206
24212
24215
24216
24265
33588
24602
25118
25165
25206
25260
26143
26146
26153
26318
26319
26321
26384
26390
26692
27171
27176
27211
27212
27310
27315
27317
27489
27655
27656
27657
27659
27670
33107
27728
27729
33058
27930
27983
27984
27990
27993
27997
28204
28281
28287
28384
28387
28390
28405
28412
28421
28422
28424
28427
28616
28620
28806
28807
28811
28812
28813
28819
29045
29081
29082
29086
29091
29099
29100
29503
29586
32847
30008
30010
30012
30021
30023
30024
30051
30060
30063
30064
30095
30104
30378
30567
30571
30575
30645
32604
30783
30914
30936
30949
30956
31054
31263
31503
31505
31506
31634
31857
