44
53
110
151
201
219
222
246
247
259
328
362
373
530
545
553
580
648
650
653
657
660
661
662
670
905
914
921
977
978
983
1014
1061
1133
1135
1137
1139
1140
1142
1245
1268
36013
1609
1614
1616
1625
1627
1630
1631
1632
1635
35919
1752
35896
35895
35892
35891
35889
1916
1921
2019
2030
2199
2204
2205
2211
2218
2219
2354
2356
2365
2366
2367
2375
2406
2409
2412
2445
2459
2461
2492
2495
2499
2501
2503
2508
2510
2515
2516
2629
2701
2711
2715
2728
2790
2795
2871
2883
2894
2913
2914
2922
2947
3001
3024
35858
3132
3139
3144
3147
3153
3230
3233
3363
3434
3443
3452
3470
3562
3631
3869
3880
3908
4032
4048
35790
35776
4088
4099
4129
4159
4173
35762
35761
4255
4259
4264
4311
4362
4365
4411
4541
4545
4551
4559
4560
4575
4608
4660
4662
4667
4671
4776
4790
4796
4797
4980
5034
5041
5046
5048
5053
5083
5105
5110
5135
5159
5254
5416
5419
5433
5434
5442
5444
35696
5495
35683
35668
35664
35663
35634
5696
5699
35623
35617
35616
35612
5757
5771
35605
35602
35600
35592
6102
6112
6124
6168
6173
6220
6225
6232
6239
6252
6266
6309
6310
6343
6347
6355
6369
6371
6374
6375
6380
35587
6433
6434
6435
6440
6441
6447
6449
6451
6452
6453
6460
6461
6467
6471
6475
6476
6479
6480
6549
35566
35548
6679
6685
6703
6705
6709
6716
6765
6780
6786
6789
6794
6798
6835
35530
35527
6937
7005
7011
7015
7034
7046
7047
7048
7050
7057
7063
7064
35521
35517
7164
7170
7174
7185
7203
7210
7272
7375
7485
7496
7497
7630
35462
7692
7700
7703
35439
7852
7931
35397
35392
35381
35367
8091
8094
8128
8179
8181
8185
8186
8190
8209
8212
8227
8352
8360
8466
8471
8535
8536
8537
8538
8541
8542
8546
8551
8553
8557
8558
8559
8576
8662
8740
8743
8752
8758
8759
8771
8789
8875
9013
9014
9016
9020
9024
9028
9057
9146
9149
35258
35248
35245
9445
9479
9530
9580
9588
9598
9600
9608
9765
9773
9778
35233
35230
35228
35224
35222
9956
35203
10063
10080
10084
10091
10100
10121
10167
10173
10177
10178
10204
10226
10229
10272
10277
10284
10345
10363
10489
10494
10499
35161
10529
10532
10562
10573
10574
10577
10579
10580
10675
10677
10678
10688
35150
35142
35137
35133
35132
35131
10743
10758
10762
10765
10766
10768
10773
10852
10874
10887
11033
11051
11176
11177
11185
11187
11189
11190
11192
11232
11237
11241
35080
35022
35014
11417
11436
11441
11449
11451
34983
11630
11678
11690
11740
11770
34968
34965
34958
11909
11927
11933
12091
12146
12260
12341
12343
12354
12355
12458
12490
12548
12621
12647
12688
12704
12719
12856
12867
12871
12874
12882
12884
12889
12890
12892
13003
13006
13008
13013
13023
13025
13027
13030
13056
13090
13091
13092
13098
13100
13104
34953
34943
34941
34935
34931
34929
34926
34917
13413
34908
34906
13524
13660
34846
13736
13739
13740
13746
13749
13750
13756
13938
13950
34825
34818
14055
14058
14063
14116
14167
14196
14201
14213
14215
14219
14228
14229
14231
14232
14235
14236
14250
14315
14318
14426
14518
14522
14529
34763
34764
34756
14677
14680
14681
14708
14730
14739
34730
34723
34721
34720
34689
34684
34628
34627
34616
34610
15163
34576
34572
15218
34565
34533
34523
34518
34517
15542
34491
15899
16071
16072
16088
16120
16965
34356
34352
34345
34322
17665
18244
34207
18648
34173
34148
34145
34137
34123
19436
19439
19441
19442
19445
19448
19450
19451
19452
19453
19454
34050
34041
34034
34031
19510
19521
34002
19634
19636
19641
33970
33961
19757
19819
19848
19898
19899
19905
19963
19971
19973
20011
20046
20047
20048
20051
20052
20053
20061
20063
20069
20077
20088
20091
20096
20098
20099
20147
20176
20184
20209
20294
20301
20330
20431
20444
20652
20653
20654
20656
20659
20809
20812
20813
20814
20815
20816
20817
20819
20820
20821
20822
20823
20824
20826
20827
20915
21028
21029
21032
21034
21036
21037
21038
21040
21041
21097
21099
21105
21107
21110
21113
21146
21147
21149
21150
21153
21155
21157
21158
21160
21161
21194
21199
21211
21241
21251
21383
21676
21772
21841
21847
21927
21973
21974
21975
21977
21978
21979
21982
21984
21986
22068
22085
22103
33832
33831
33829
22197
22199
22203
22206
22208
22211
22213
33827
33826
33818
33816
22380
22410
22416
22418
22420
22465
22514
22618
22834
22854
22869
33738
33728
23030
23032
23033
23035
23040
23041
23042
33718
33706
23116
23316
33696
23374
23375
23380
23394
23474
23476
23477
23479
23481
23512
23586
23587
23589
23592
23593
23597
23599
23675
23745
23748
23753
23757
23789
23790
23850
23891
23894
23900
23977
23978
23980
23981
23983
23985
23986
23987
23988
23990
24126
24158
33657
33653
33639
33633
33631
24264
24278
24282
33619
33615
33613
33608
24417
24493
24498
24499
24507
24508
24509
24521
33577
33573
24619
24621
24628
24629
24633
24634
24663
24672
24724
24725
24728
24730
24733
24736
24737
33527
24873
24874
24878
33498
33495
33494
33493
33489
33483
33484
33479
24987
24993
25100
25213
25256
25257
25258
25260
25263
25265
25268
25271
25335
25515
33424
33413
33412
33411
33408
33406
25633
25634
25675
25676
25678
25679
25680
25681
25682
33400
33390
33385
33375
33376
33368
33367
33366
33363
33357
25837
33328
33311
33310
25925
25927
33299
33293
33288
26062
26064
26146
26158
26173
26179
26185
26205
26211
26216
26312
26346
26352
26459
26516
26518
26521
26524
26548
26593
26662
26705
26728
26800
26812
26867
26878
26884
26903
33192
33187
33183
27033
27036
27037
27038
27042
27043
27044
27045
27046
27082
27087
27088
27099
27114
27137
27212
27214
27273
27307
27312
27315
27321
27326
27330
27417
27424
27428
27431
27432
27434
27435
27437
27439
27440
27443
27444
27445
33139
33138
33135
33134
33132
33129
27582
27601
27650
27652
27653
27656
27657
27658
27659
27662
27664
27665
27668
33073
33065
33057
27890
27903
27956
27963
27983
27985
27994
28000
28001
28017
28101
33054
33053
28180
28203
33024
33018
33017
33015
33013
28386
28390
28395
28414
28416
28458
28473
28550
28600
28610
28611
28613
28620
28622
28628
28629
28638
28641
28724
28738
28767
28772
28917
28925
28935
28936
28976
33010
33009
33002
32994
32990
29083
32980
32977
32969
29187
29202
32924
29326
29328
32918
32914
32913
32902
32899
32896
29434
29437
29446
29447
29456
29457
29478
29583
29585
29592
29594
32885
32881
32880
29726
29727
29728
29729
29731
29732
29735
29753
29758
29778
32848
29868
29882
32767
32759
32752
32751
32742
30014
30022
32739
32722
30051
30052
30055
30057
30058
30059
30064
30068
30069
30073
30081
30085
30086
30088
30090
30093
30096
30097
30098
30099
30100
30101
30103
32712
32707
32703
32701
30272
30284
30378
30415
30429
30432
30434
30469
32643
30600
30601
30602
30604
30605
30607
30608
30610
30611
30612
30613
30615
30616
30617
30618
30619
30621
30622
30623
30624
32635
32633
30659
32621
32617
30761
30764
30775
30778
30830
31004
31008
31009
31056
31061
31121
32593
32590
32589
32581
32553
32525
32516
31498
31502
31508
31509
31510
31512
31514
31515
31516
31520
32503
31569
31573
31576
31579
31585
31637
31638
31701
31734
31736
31737
31738
31741
31745
31747
31748
31749
31750
31751
31795
31872
31882
31915
32486
31992
32417
32073
32075
32077
32088
32091
32414
32199
32212
32213
32215
32222
32235
32242
32243
32244
32248
32252
32254
32256
32258
32259
32261
32265
32266
32270
32273
