15
36049
36045
36044
908
1146
1239
1245
1251
1252
1317
35998
35965
35954
35947
35944
2531
2923
2938
2946
3148
35838
3848
4251
4342
35750
35742
35738
4910
4918
35713
5801
6249
35587
35582
35580
7070
7107
7111
7112
7115
7118
7387
7392
7492
35479
7695
35351
35309
35308
35299
35295
35287
8950
8962
9933
35213
35212
10194
35193
10594
10600
35142
35141
35139
35135
35134
35133
35132
35131
34965
34963
34959
12591
34954
34952
34924
14020
34801
34800
34786
14583
14584
14588
14595
14596
34771
34746
34743
34737
14793
14921
14933
14935
34676
34677
14982
14986
14992
14993
34664
15038
15040
15042
15044
15055
15085
15160
15163
34597
34592
34586
34585
15216
15228
15230
15231
15298
15309
34560
34554
34552
34548
15393
15405
15410
15413
15420
15423
15426
15437
15439
15441
15444
15445
15544
15547
15551
15553
15556
15557
34483
15630
15713
15715
15722
15726
15731
15818
15832
15839
15840
15842
15846
15850
15898
15899
15903
15913
16029
16032
16039
16141
16142
16143
16144
16147
16152
16154
16159
16160
16165
16166
16297
16321
16327
16335
16339
16345
16353
16354
16356
34445
34443
16474
16511
16526
16527
16701
34424
34418
34419
34415
34412
34406
34405
16814
16817
34376
34375
34372
34370
34366
34364
34358
34355
34356
34353
34352
34351
34350
17040
17046
17059
17062
17101
17114
17146
17149
17151
17162
17210
34343
34342
34321
34317
34316
34303
34302
17349
17354
17361
34298
34297
34293
34289
34286
34279
34278
34276
34257
17482
34254
17531
17535
17619
17624
17626
17638
17717
17718
17730
17754
17778
17790
17792
17813
17870
17871
17878
17886
17889
17920
17967
17975
17981
18007
18010
18012
18015
18016
18093
18107
18108
18109
18110
18115
34226
18156
18166
18183
18189
18190
18195
18249
18251
18253
18254
18256
18257
18261
18292
18293
18296
18302
18446
18455
18456
18458
18461
34208
34207
34206
34203
34202
34201
18486
18488
18489
18503
34198
34196
34192
34190
34188
34184
34183
34179
34176
34177
18539
18563
18581
18583
18590
18597
18598
18601
18602
18605
18607
18608
18628
18632
18633
18637
18640
18643
18646
18648
18649
18690
18697
18708
18715
18717
18722
18730
34173
18768
18774
18779
18780
34145
34141
18818
18865
18866
18869
18870
18871
18872
18877
18879
18883
34138
34135
34128
34127
34124
34120
34115
34114
34113
34105
34102
18947
18987
18996
19001
19002
19067
19071
19078
34095
19330
34077
34068
19401
19409
19439
34052
34053
34047
34043
34042
34037
34031
34004
33979
33978
33975
33971
33970
33969
33968
33966
33964
33963
33961
33934
33931
33927
19955
19960
19964
19965
19970
19972
20048
20051
20059
20062
20063
20095
20645
20650
20653
20711
33921
33919
33917
33916
33910
33909
33906
33904
33903
20809
21029
21127
21198
33876
21503
21510
33867
33865
33860
21807
21985
21986
33853
33844
33839
33808
33807
33804
33800
22411
22414
22418
22420
33776
23034
23036
23037
23038
23040
23041
23042
23052
23587
23589
23744
23745
23750
23753
23756
23870
23872
23873
23880
23915
23927
23978
23981
23985
23989
23990
24203
24204
24215
24378
24498
24508
24599
24735
25078
25091
25093
25145
25170
25227
33422
25620
25636
25742
25754
26441
33244
27036
27045
27128
27132
27138
27306
27308
27310
27327
33157
33152
27429
27437
27514
27654
27655
27657
27662
27666
27724
27982
27983
27984
27993
28002
28620
28806
28866
29102
30051
30054
30088
30098
30100
30104
30378
30570
30613
30620
32602
31501
31502
31503
31506
31507
31509
31694
31744
32374
32242
32245
32273
